  4        6        9 0.000    42848
  7       10       22 0.001    40436
 10       15       43 0.001    45315
 13       19       70 0.002    33786
 16       21      100 0.003    29026
 19       30      144 0.006    25428
 22       39      189 0.009    21117
 25       28      240 0.014    17109
 28       33      297 0.016    18204
 31       37      366 0.029    12599
 34       40      439 0.042    10400
 37       46      517 0.064     8095
 40       45      602 0.071     8483
 43       50      696 0.088     7923
 46       64      807 0.148     5438
 49       90      926 0.128     7260
 52       57     1009 0.205     4929
 55       64     1134 0.196     5799
 58       65     1260 0.270     4659
 61       95     1418 0.335     4231
 64      127     1573 0.406     3878
 67       91     1695 0.478     3548
 70       88     1842 0.693     2657
 73      141     2042 0.713     2866
 76      103     2180 0.902     2416
 79       96     2336 1.032     2264
 82      317     2730 1.267     2155
 85       93     2703 1.548     1746
 88      100     2910 1.683     1729
 91      105     3112 1.778     1750
 94      110     3329 2.421     1375
 97      109     3541 3.387     1045
